0 
0 
0 
0 
0 
0 
0 
0 
0 
0 
0 
0 
0 
0 
0 
0 
0 
0 
0 
0 
0 
0 
0 
0 
0 
0 
0 
0 
0 
0 
0 
0 
0 
0 
0 
0 
0 
0 
0 
0 
0 
2 
3 
0 
0 
0 
0 
0 
0 
0 
0 
0 
0 
0 
0 
0 
0 
0 
0 
0 
0 
0 
0 
0 
0 
0 
0 
0 
0 
0 
0 
0 
0 
0 
0 
0 
0 
0 
0 
0 
0 
0 
0 
10987 
-13679 
-16074 
-30691 
3112 
16798 
-1713 
-25728 
-8040 
-9094 
-24258 
-5223 
20803 
16580 
8315 
32333 
-1475 
31169 
31412 
81 
-4422 
-16781 
12806 
21929 
-3569 
-19942 
-21913 
15493 
22121 
15586 
21871 
2677 
-24068 
-30569 
13816 
18877 
13314 
-21445 
11509 
-22882 
-24684 
0 
0 
0 
0 
0 
0 
0 
0 
0 
0 
0 
0 
0 
0 
0 
0 
0 
0 
0 
0 
0 
0 
0 
0 
0 
0 
0 
0 
0 
0 
0 
0 
0 
0 
0 
0 
0 
0 
0 
0 
0 
